-89.61779109354386
-89.12267107647484
-88.62462710811506
-88.12592249445504
-87.62696728244546
-87.12789080529977
-86.62874655825594
-86.12956063252798
-85.63034725884312
-85.13111485520447
-84.63186871831205
-84.13261234691554
-83.63334814475199
-83.13407781771241
-82.63480260988236
-82.13552344986901
-81.63624104481823
-81.13695594270706
-80.63766857473392
-80.1383792848485
-79.63908835075381
-79.13979599912084
-78.64050241679494
-78.14120775917365
-77.64191215655512
-77.14261571900863
-76.64331854015346
-76.14402070012116
-75.64472226789998
-75.1454233032069
-74.64612385799434
-74.14682397767248
-73.64752370210775
-73.14822306644362
-72.64892210178016
-72.14962083573928
-71.65031929293774
-71.15101749538513
-70.65171546282022
-70.15241321299649
-69.6531107619256
-69.15380812408611
-68.65450531260257
-68.15520233940038
-67.65589921533969
-67.1565959503317
-66.65729255344043
-66.15798903297106
-65.65868539654795
-65.15938165118312
-64.6600778033364
-64.1607738589689
-63.66146982359018
-63.162165702300356
-62.662861499827486
-62.1635572205608
-61.66425286858076
-61.16494844768563
-60.66564396141554
-60.166339413074226
-59.66703480574816
-59.16773014232457
-58.66842542550696
-58.16912065782971
-57.66981584167113
-57.170510979265245
-56.67120607271269
-56.171901123990544
-55.67259613496128
-55.17329110738102
-54.67398604290707
-54.17468094310477
-53.675375809453826
-53.176070643354166
-52.67676544613126
-52.177460219040974
-51.67815496327423
-51.17884967996108
-50.679544370174675
-50.180239034934736
-49.68093367521093
-49.181628291925925
-48.682322885958285
-48.18301745814499
-47.68371200928401
-47.18440654013653
-46.6851010514291
-46.1857955438556
-45.68649001807908
-45.18718447473354
-44.68787891442544
-44.188573337735285
-43.68926774521905
-43.189962137409395
-42.69065651481698
-42.19135087793163
-41.69204522722337
-41.1927395631435
-40.69343388612544
-40.19412819658581
-39.69482249492515
-39.195516781528696
-38.69621105676721
-38.19690532099773
-37.69759957456405
-37.19829381779752
-36.69898805101757
-36.1996822745323
-35.700376488639044
-35.201070693624665
-34.701764889766395
-34.20245907733192
-33.70315325658006
-33.203847427761026
-32.70454159111687
-32.20523574688186
-31.70592989528275
-31.20662403653919
-30.70731817086398
-30.208012298463412
-29.708706419537528
-29.209400534280363
-28.710094642880247
-28.210788745520034
-27.71148284237728
-27.212176933624587
-26.712871019429645
-26.21356509995561
-25.714259175361164
-25.214953245800768
-24.715647311424775
-24.216341372379702
-23.71703542880829
-23.21772948084968
-22.71842352863959
-22.21911757231047
-21.719811611991574
-21.220505647809123
-20.72119967988645
-20.221893708344098
-19.72258773329993
-19.22328175486926
-18.723975773164938
-18.224669788297447
-17.725363800375064
-17.226057809503843
-16.726751815787836
-16.227445819329066
-15.728139820227698
-15.22883381858207
-14.7295278144888
-14.230221808042842
-13.730915799337568
-13.231609788464857
-12.732303775515172
-12.232997760577573
-11.733691743739824
-11.23438572508847
-10.735079704708868
-10.2357736826853
-9.736467659100933
-9.237161634037987
-8.737855607577723
-8.238549579800534
-7.73924355078599
-7.2399375206127985
-6.740631489359108
-6.241325457102246
-5.742019423919015
-5.242713389885557
-4.743407355077535
-4.244101319570208
-3.744795283438246
-3.2454892467560743
-2.746183209597722
-2.246877172036967
-1.7475711341472653
-1.2482650960019237
-0.748959057674133
-0.2496530192368545
0.2496530192368545
0.748959057674133
1.2482650960019237
1.7475711341472653
2.246877172036967
2.746183209597722
3.2454892467560743
3.744795283438246
4.244101319570208
4.743407355077535
5.242713389885557
5.742019423919015
6.241325457102246
6.740631489359108
7.2399375206127985
7.73924355078599
8.238549579800534
8.737855607577723
9.237161634037987
9.736467659100933
10.2357736826853
10.735079704708868
11.23438572508847
11.733691743739824
12.232997760577573
12.732303775515172
13.231609788464857
13.730915799337568
14.230221808042842
14.7295278144888
15.22883381858207
15.728139820227698
16.227445819329066
16.726751815787836
17.226057809503843
17.725363800375064
18.224669788297447
18.723975773164938
19.22328175486926
19.72258773329993
20.221893708344098
20.72119967988645
21.220505647809123
21.719811611991574
22.21911757231047
22.71842352863959
23.21772948084968
23.71703542880829
24.216341372379702
24.715647311424775
25.214953245800768
25.714259175361164
26.21356509995561
26.712871019429645
27.212176933624587
27.71148284237728
28.210788745520034
28.710094642880247
29.209400534280363
29.708706419537528
30.208012298463412
30.70731817086398
31.20662403653919
31.70592989528275
32.20523574688186
32.70454159111687
33.203847427761026
33.70315325658006
34.20245907733192
34.701764889766395
35.201070693624665
35.700376488639044
36.1996822745323
36.69898805101757
37.19829381779752
37.69759957456405
38.19690532099773
38.69621105676721
39.195516781528696
39.69482249492515
40.19412819658581
40.69343388612544
41.1927395631435
41.69204522722337
42.19135087793163
42.69065651481698
43.189962137409395
43.68926774521905
44.188573337735285
44.68787891442544
45.18718447473354
45.68649001807908
46.1857955438556
46.6851010514291
47.18440654013653
47.68371200928401
48.18301745814499
48.682322885958285
49.181628291925925
49.68093367521093
50.180239034934736
50.679544370174675
51.17884967996108
51.67815496327423
52.177460219040974
52.67676544613126
53.176070643354166
53.675375809453826
54.17468094310477
54.67398604290707
55.17329110738102
55.67259613496128
56.171901123990544
56.67120607271269
57.170510979265245
57.66981584167113
58.16912065782971
58.66842542550696
59.16773014232457
59.66703480574816
60.166339413074226
60.66564396141554
61.16494844768563
61.66425286858076
62.1635572205608
62.662861499827486
63.162165702300356
63.66146982359018
64.1607738589689
64.6600778033364
65.15938165118312
65.65868539654795
66.15798903297106
66.65729255344043
67.1565959503317
67.65589921533969
68.15520233940038
68.65450531260257
69.15380812408611
69.6531107619256
70.15241321299649
70.65171546282022
71.15101749538513
71.65031929293774
72.14962083573928
72.64892210178016
73.14822306644362
73.64752370210775
74.14682397767248
74.64612385799434
75.1454233032069
75.64472226789998
76.14402070012116
76.64331854015346
77.14261571900863
77.64191215655512
78.14120775917365
78.64050241679494
79.13979599912084
79.63908835075381
80.1383792848485
80.63766857473392
81.13695594270706
81.63624104481823
82.13552344986901
82.63480260988236
83.13407781771241
83.63334814475199
84.13261234691554
84.63186871831205
85.13111485520447
85.63034725884312
86.12956063252798
86.62874655825594
87.12789080529977
87.62696728244546
88.12592249445504
88.62462710811506
89.12267107647484
89.61779109354386
